884690053
884690054
884690055
884690056
884690057
884690058
884690059
884690060
884690061
884690062
884690063
884690064
884690065
884690066
884690067
884690068
884690069
884690070
884690071
884690072
884690073
884690074
884690075
884690076
884690077
884690078
884690079
884690080
884690081
884690082
884690083
884690084
884690085
884690086
884690087
884690088
884690089
884690090
884690091
884690092
884690093
884690094
884690095
884690096
884690097
884690098
884690099
884690100
884690101
884690102
884690103
884690104
884690105
884690106
884690107
884690108
884690109
884690110
884690111
884690112
884690113
884690114
884690115
884690116
884690117
884690118
884690119
884690120
884690121
884690122
884690123
884690124
884690125
884690126
884690127
884690128
884690129
884690130
884690131
884690132
884690133
884690134
884690135
884690136
884690137
884690138
884690139
884690140
884690141
884690142
884690143
884690144
884690145
884690146
884690147
884690148
884690149
884690149
884690150
884690151
884690159
884690160
884690161
884690162
884690163
884690164
884690165
884690166
884690167
884690168
884690169
884690170
884690171
884690172
884690172
884690173
884690173
884690174
884690175
884690176
884690172
884690173
884690172
884690173
884690172
884690173
884690172
884690173
884690172
884690173
884690172
884690173
884690172
884690173
884690172
884690173
884690172
884690173
884690172
884690173
884690172
884690173
884690172
884690173
884690172
884690173
884690172
884690173
884690172
884690173
884690172
884690173
884690172
884690173
884690172
884690173
884690172
884690173
884690172
884690173
884690172
884690173
884690172
884690173
884690172
884690173
884690172
884690173
884690172
884690173
884690172
884690173
884690172
884690173
884690172
884690173
884690172
884690173
884690172
884690173
884690172
884690173
884690172
884690173
884690172
884690173
884690172
884690173
884690172
884690173
884690172
884690173
884690172
884690173
884690172
884690173
884690172
884690173
884690172
884690173
884690172
884690173
884690172
884690173
884690172
884690173
884690172
884690173
884690172
884690173
884690172
884690173
884690172
884690173
884690172
884690173
884690172
884690173
884690172
884690173
884690172
884690173
884690172
884690173
884690172
884690173
884690172
884690173
884690172
884690173
884690172
884690173
884690172
884690173
884690172
884690173
884690172
884690173
884690172
884690173
884690172
884690173
884690172
884690173
884690172
884690173
884690172
884690173
884690172
884690173
884690172
884690173
884690172
884690173
884690172
884690173
884690172
884690173
884690172
884690173
884690172
884690173
884690172
884690173
884690172
884690173
884690172
884690173
884690172
884690173
884690172
884690173
884690172
884690173
884690172
884690173
884690172
884690173
884690172
884690173
884690172
884690173
884690172
884690173
884690172
884690173
884690172
884690173
884690172
884690173
884690172
884690173
884690172
884690173
884690172
884690173
884690172
884690173
884690172
884690173
884690172
884690173
